SCMBranch=I-Sites
SCMRepository=I-Sites/Devserver01/MaritzWolff/www/Admin/i/admin/rates
arrow_left.gif;2913642215;1;1004560878;
back.gif;2913642215;1;1000312154;
add_column.gif;2913642215;1;1000329735;
delete.gif;262596605;1;1000180443;
add_row.gif;262596605;1;1000329775;
desc.gif;262596605;1;1000175390;
arrow_black.gif;262596605;1;1002120169;
add.gif;262596605;1;1000180351;
add_description.gif;262596605;1;1000329659;
arrow.gif;262596605;1;1001086005;
arrow_black_left.gif;262596605;1;1004560845;
edit.gif;2420221631;1;1000179965;
image.gif;2420221631;1;1000178136;
spacer.gif;2420221631;1;1000267220;
WS_FTP.LOG;3983655712;1;1037643738;
