SCMBranch=I-Sites
SCMRepository=I-Sites/Devserver01/MaritzWolff/www/i/corporate
market_pic_2.jpg;2786171908;1;1039713684;
approach_header.gif;2786171908;1;1037387779;
market_pic_3.jpg;2786171908;1;1039713683;
back.gif;2786171908;1;1037387779;
next.gif;2786171908;1;1037387781;
history_header.gif;2786171908;1;1037387780;
philosophy_header.gif;3907806249;1;1037387781;
history_pic_1.jpg;3907806249;1;1039712567;
philosophy_pic_1.jpg;3907806249;1;1039713311;
market_header.gif;3907806249;1;1037387780;
photo_history_1.jpg;3907806249;1;1037387781;
approach_pic_1.jpg;3907806249;1;1039713968;
history_pic.jpg;3907806249;1;1039712692;
history_pic_2.jpg;3907806249;1;1039712567;
market_pic_1.jpg;2401828258;1;1039713684;
back_next.gif;2401828258;1;1037387779;
photo_history_2.jpg;2401828258;1;1037387782;
pic_piece_01.gif;2401828258;1;1037387782;
pic_piece_02.gif;2401828258;1;1037387782;
pic_piece_03.gif;2401828258;1;1037387782;
