SCMBranch=I-Sites
SCMRepository=I-Sites/Devserver01/MaritzWolff/www/i
photo_contact.jpg;3705850858;1;1039714188;
bkg.gif;3705850858;1;1037387779;
pop_footer.gif;1999614349;1;1037387793;
green2.gif;1999614349;1;1039652627;
logo_pop.gif;1999614349;1;1037387791;
logo_pop_bkg.gif;1999614349;1;1037387791;
green.gif;1999614349;1;1039652627;
logo.gif;1999614349;1;1037387791;
pop_footer_bkg.gif;1999614349;1;1037387793;
space.gif;1999614349;1;1037387805;
style.css;2786171908;1;1037662952;
title_contact.gif;2786171908;1;1039651309;
