SCMBranch=I-Sites
SCMRepository=I-Sites/Devserver01/MaritzWolff/www/i/portfolio
prop_miramar_high.jpg;935636153;1;1037387799;
prop_miramar_left.jpg;935636153;1;1037387799;
foot_props_back.gif;935636153;1;1037387793;
prop_miramar_right.jpg;935636153;1;1037387799;
hotel_aviara.gif;935636153;1;1037387794;
prop_nevis_high.jpg;935636153;1;1037387799;
hotel_crescent.gif;935636153;1;1037387794;
prop_nevis_left.jpg;4050406849;1;1037387799;
hotel_houston.gif;4050406849;1;1037387794;
prop_nevis_right.jpg;4050406849;1;1037387799;
hotel_littledix.gif;4050406849;1;1037387794;
prop_neworleans_high.jpg;4050406849;1;1037387799;
hotel_nevis.gif;4050406849;1;1037387794;
prop_neworleans_left.jpg;4050406849;1;1037387799;
hotel_ritz.gif;4050406849;1;1037387795;
prop_neworleans_right.jpg;909032765;1;1037387800;
hotel_sanjose.gif;909032765;1;1037387795;
prop_ritz_high.jpg;909032765;1;1037387800;
hotel_santamonica.gif;909032765;1;1037387795;
prop_ritz_left.jpg;909032765;1;1037387800;
hotel_toronto.gif;909032765;1;1037387795;
prop_ritz_right.jpg;909032765;1;1037387800;
left_2.gif;909032765;1;1037387795;
prop_sanfran_high.jpg;2083478381;1;1037387800;
left_4.gif;2083478381;1;1037387796;
prop_sanfran_left.jpg;2083478381;1;1037387800;
manage_rosewood.gif;2083478381;1;1037387796;
prop_sanfran_right.jpg;2083478381;1;1037387800;
prop_austin_high.jpg;2083478381;1;1037387796;
prop_sanjose_high.jpg;2083478381;1;1037387800;
prop_austin_right.jpg;2083478381;1;1037387797;
prop_sanjose_left.jpg;2556446837;1;1037387800;
prop_aviara_left.jpg;2556446837;1;1037387797;
prop_sanjose_right.jpg;2556446837;1;1037387800;
prop_carlyle_high.jpg;2556446837;1;1037387797;
prop_santabarb_high.jpg;2556446837;1;1037387800;
prop_carlyle_right.jpg;2556446837;1;1037387797;
prop_santabarb_left.jpg;2556446837;1;1037387800;
prop_crescent_left.jpg;2556446837;1;1037387798;
prop_santabarb_right.jpg;132762824;1;1037387800;
prop_dallas_high.jpg;132762824;1;1037387798;
prop_santamonica_high.jpg;132762824;1;1039714767;
prop_dallas_right.jpg;132762824;1;1037387798;
prop_santamonica_left.jpg;132762824;1;1039712915;
prop_houston_left.jpg;132762824;1;1037387798;
prop_santamonica_right.jpg;132762824;1;1039712915;
prop_kansas_high.jpg;132762824;1;1040344763;
prop_sydney_high.jpg;1451785212;1;1037387801;
prop_kansas_right.jpg;1451785212;1;1040344677;
prop_sydney_left.jpg;1451785212;1;1037387801;
prop_littledix_left.jpg;1451785212;1;1037387798;
prop_sydney_right.jpg;1451785212;1;1037387801;
prop_mansion_high.jpg;1451785212;1;1037387799;
prop_toronto_high.jpg;1451785212;1;1037387801;
prop_mansion_right.jpg;1451785212;1;1037387799;
prop_toronto_left.jpg;4065084640;1;1037387801;
hotel_austin.gif;4065084640;1;1037387794;
prop_toronto_right.jpg;4065084640;1;1037387801;
hotel_dallas.gif;4065084640;1;1037387794;
ptitle_austin.gif;4065084640;1;1037387801;
hotel_mansion.gif;4065084640;1;1037387794;
ptitle_aviara.gif;4065084640;1;1037387801;
hotel_sanfran.gif;4065084640;1;1037387795;
ptitle_carlyle.gif;682291079;1;1037387801;
hotel_sydney.gif;682291079;1;1037387795;
ptitle_crescent.gif;682291079;1;1037387801;
left_3.gif;682291079;1;1037387796;
ptitle_dallas.gif;682291079;1;1037387802;
properties_1.jpg;682291079;1;1037387801;
ptitle_houston.gif;682291079;1;1037387802;
prop_aviara_high.jpg;682291079;1;1037387797;
ptitle_kansas.gif;885432898;1;1037387802;
prop_carlyle_left.jpg;885432898;1;1037387797;
ptitle_littledix.gif;885432898;1;1037387802;
prop_crescent_right.jpg;885432898;1;1037387798;
ptitle_mansion.gif;885432898;1;1037387802;
prop_houston_high.jpg;885432898;1;1037387798;
ptitle_nevis.gif;885432898;1;1037387802;
prop_kansas_left.jpg;885432898;1;1040344677;
ptitle_neworleans.gif;3800371682;1;1037387802;
prop_littledix_right.jpg;3800371682;1;1037387798;
ptitle_ritz.gif;3800371682;1;1037387802;
div_01.gif;3800371682;1;1037387793;
ptitle_sanfran.gif;3800371682;1;1037387802;
hotel_kansas.gif;3800371682;1;1037387794;
ptitle_sanjose.gif;3800371682;1;1037387802;
hotel_santabarb.gif;3800371682;1;1037387795;
ptitle_santabarb.gif;3031578510;1;1037387803;
manage_fairmont.gif;3031578510;1;1037387796;
ptitle_santamonica.gif;3031578510;1;1037387803;
prop_aviara_right.jpg;3031578510;1;1037387797;
ptitle_sydney.gif;3031578510;1;1037387803;
prop_dallas_left.jpg;3031578510;1;1037387798;
ptitle_toronto.gif;3031578510;1;1037387803;
prop_littledix_high.jpg;3031578510;1;1037387798;
right_01.gif;2813329054;1;1037387803;
hotel_carlyle.gif;2813329054;1;1037387794;
right_02.gif;2813329054;1;1037387803;
left_1.gif;2813329054;1;1037387795;
right_03.gif;2813329054;1;1037387803;
prop_crescent_high.jpg;2813329054;1;1037387798;
prop_mansion_left.jpg;2813329054;1;1037387799;
hotel_neworleanes.gif;2813329054;1;1037387795;
prop_austin_left.jpg;2509864999;1;1037387797;
prop_houston_right.jpg;2509864999;1;1037387798;
right_04.gif;2509864999;1;1037387803;
right_05.gif;2509864999;1;1037387803;
title_hotelmanagement.gif;2509864999;1;1037387803;
title_hotels_resorts.gif;2509864999;1;1037387804;
