SCMBranch=I-Sites
SCMRepository=I-Sites/Devserver01/MaritzWolff/www/i/nav
home.gif;690764397;1;1037387792;
contact.gif;690764397;1;1037387791;
home_on.gif;690764397;1;1037387792;
corp.gif;2065677278;1;1037387791;
exec.gif;2065677278;1;1037387792;
exec_on.gif;2065677278;1;1037387792;
contact_on.gif;2065677278;1;1037387791;
corp_on.gif;2065677278;1;1037387791;
portfolio.gif;2065677278;1;1037387792;
portfolio_on.gif;2065677278;1;1037387792;
press.gif;2065677278;1;1037387792;
press_on.gif;935636153;1;1037387792;
