SCMBranch=I-Sites
SCMRepository=I-Sites/Devserver01/MaritzWolff/www/i/exec
photo_dinapoli.jpg;57429690;1;1040345290;
exec_back.gif;57429690;1;1037387783;
photo_fearn.jpg;57429690;1;1040345512;
exec_left_02.gif;57429690;1;1037387783;
photo_fuhrman.jpg;57429690;1;1040346699;
exec_left_03b.gif;57429690;1;1037387783;
photo_kurz.jpg;57429690;1;1040346699;
exec_left_03d.gif;57429690;1;1037387783;
photo_lowery.jpg;3996919988;1;1037387785;
m02_snow.gif;3996919988;1;1037387783;
photo_maritz.jpg;3996919988;1;1037387785;
m04_adler.gif;3996919988;1;1037387783;
photo_niere.jpg;3996919988;1;1040346699;
m06_niere.gif;3996919988;1;1037387784;
photo_oconnell.jpg;3996919988;1;1040346700;
m08_barone.gif;3996919988;1;1039650433;
photo_scott.jpg;538121882;1;1037387785;
m10_kurz.gif;538121882;1;1037387784;
photo_wolff.jpg;538121882;1;1040345129;
n02_maritz.gif;538121882;1;1037387784;
pro_alder.gif;538121882;1;1037387785;
n04_fearn.gif;538121882;1;1039646502;
pro_barone.gif;538121882;1;1040159741;
n06_foxon.gif;538121882;1;1037387784;
pro_carpenter.gif;1819076519;1;1037387785;
photo_adler.jpg;1819076519;1;1040346699;
pro_dinapoli.gif;1819076519;1;1037387785;
exec_left_01.gif;1819076519;1;1037387783;
pro_fearn.gif;1819076519;1;1037387785;
exec_left_03c.gif;1819076519;1;1037387783;
pro_foxon.gif;1819076519;1;1037387786;
m03_strong.gif;1819076519;1;1037387783;
pro_fuhrman.gif;3785256867;1;1037387786;
m07_fuhrman.gif;3785256867;1;1037387784;
pro_kurz.gif;3785256867;1;1037387786;
n01_wolff.gif;3785256867;1;1039646385;
pro_lowery.gif;3785256867;1;1040159607;
n05_scott.gif;3785256867;1;1039646804;
pro_maritz.gif;3785256867;1;1037387787;
photo_barone.jpg;3785256867;1;1037387785;
pro_niere.gif;300999466;1;1037387787;
m01_carpenter.gif;300999466;1;1037387783;
pro_oconnell.gif;300999466;1;1037387787;
m09_lowery.gif;300999466;1;1040159453;
photo.jpg;300999466;1;1037387785;
exec_left_03a.gif;300999466;1;1037387783;
m05_oconnell.gif;300999466;1;1037387783;
n03_dinapoli.gif;300999466;1;1037387784;
pro_scott.gif;3722869819;1;1037387787;
pro_snow.gif;3722869819;1;1037387787;
pro_strong.gif;3722869819;1;1037387787;
pro_wolff.gif;3722869819;1;1037387787;
