SCMBranch=I-Sites
SCMRepository=I-Sites/Devserver01/MaritzWolff/www/Admin/i/admin/fileManager
image.gif;2286266656;1;982601280;
avi.GIF;2286266656;1;982601160;
js.gif;2286266656;1;982601280;
cfm.gif;2286266656;1;982601160;
mdb.GIF;2286266656;1;982601280;
delete.gif;2286266656;1;982601160;
ppt.GIF;2286266656;1;982601280;
down_green.GIF;241994278;1;982601160;
preview.gif;241994278;1;982601280;
exe.gif;241994278;1;982601220;
real.GIF;241994278;1;982601340;
flash.GIF;241994278;1;982601220;
spacer.gif;241994278;1;982601340;
folder2.GIF;241994278;1;982601280;
style.css;241994278;1;1007425397;
binder.gif;1640615251;1;982601160;
txt.gif;1640615251;1;982601340;
doc.GIF;1640615251;1;982601160;
up_green.GIF;1640615251;1;982601340;
file.gif;1640615251;1;982601220;
folder2edit.GIF;1640615251;1;982601280;
css.GIF;1640615251;1;982601160;
edit.gif;1640615251;1;982601220;
folder.gif;2913642215;1;982601280;
WS_FTP.LOG;2420221631;1;1024528070;
xls.GIF;2913642215;1;982601340;
xml.GIF;2913642215;1;982601340;
zip.GIF;2913642215;1;982601340;
