SCMBranch=I-Sites
SCMRepository=I-Sites/Devserver01/MaritzWolff/www/Admin/sys
dsp_companylist.cfm;1540546422;1;1012408470;
dsp_usersform.cfm;1540546422;1;1012423784;
company.cfm;1540546422;1;1012411531;
dsp_userslist.cfm;1540546422;1;1012513904;
dsp_applist.cfm;1540546422;1;1012409346;
dsp_companyform.cfm;1540546422;1;1012410988;
app.cfm;1540546422;1;1012410162;
dsp_appform.cfm;1540546422;1;1012512652;
dsp_companyapp.cfm;1562596669;1;1012412219;
dsp_usersperm.cfm;1562596669;1;1012430072;
prop.cfm;1562596669;1;1023294780;
users.cfm;1562596669;1;1012429297;
WS_FTP.LOG;3705850858;1;1024528082;
